1 1 Alex 115.214 0 4400.55 2 0 2200.43 100.009 0 220.394 100.009 0 40 2 0 1 green 1 green
2 2 James 110.253 0 4400.55 2 0 2200.43 100.009 0 220.394 100.009 0 40 2 0 1 green 1 green
3 3 Katie 110.253 0 4400.55 2 0 2200.43 2 0 220.394 2 0 40 2 0 1 green 1 green
4 4 Nick 115.214 0 4998.98 2 8.50394 2014.6 250 8.18898 196.828 250 6.29921 112.441 2 -13.5433 1 green 1 green
5 5 DopoClk 110.253 1 4998.98 2 2.83465 2107.51 250 2.83465 220.394 250 5.03937 166.772 2 -16.5354 0 red 0 red
6 6 Track 110.253 1 4998.98 2 2.83465 2107.51 250 2.83465 220.394 250 5.03937 166.772 2 -16.6929 0 red 0 red
7 7 LoopClk 110.253 0 1000 80 2 200 250 20 40 220.396 20 40 39.9989 2 3 yellow 0 red
8 8 Loop 110.253 0 4400.55 2 0 2200.43 100.009 0 220.394 100.009 0 40 2 0 3 yellow 0 red
9 9 Talk 110.253 0 4400.55 2 0 2200.43 100.009 0 220.394 100.009 0 40 2 0 6 orange 6 orange
10 10 Pippo 110.253 0 4400.55 2 0 2200.43 100.009 0 220.394 100.009 0 40 2 0 8 pink 8 pink
11 11 Ch11 100.001 0 4400.55 2 0 2200.43 100.009 0 220.028 100.009 0 40 2 0 0 0 0 0
12 12 Ch12 100.001 0 4400.55 2 0 2200.43 100.009 0 220.028 100.009 0 40 2 0 0 0 0 0
13 13 Ch13 100.001 0 4400.55 2 0 2200.43 100.009 0 220.028 100.009 0 40 2 0 0 0 0 0
14 14 Ch14 100.001 0 4400.55 2 0 2200.43 100.009 0 220.028 100.009 0 40 2 0 0 0 0 0
15 15 Ch15 100.001 0 4400.55 2 0 2200.43 100.009 0 220.028 100.009 0 40 2 0 0 0 0 0
16 16 Ch16 100.001 0 4400.55 2 0 2200.43 100.009 0 220.028 100.009 0 40 2 0 0 0 0 0
17 17 Ch17 100.001 0 4400.55 2 0 2200.43 100.009 0 220.028 100.009 0 40 2 0 0 0 0 0
18 18 Ch18 100.001 0 4400.55 2 0 2200.43 100.009 0 220.028 100.009 0 40 2 0 0 0 0 0
19 19 Ch19 100.001 0 4400.55 2 0 2200.43 100.009 0 220.028 100.009 0 40 2 0 0 0 0 0
20 20 Ch20 100.001 0 4400.55 2 0 2200.43 100.009 0 220.028 100.009 0 40 2 0 0 0 0 0
21 21 Ch21 100.001 0 4400.55 2 0 2200.43 100.009 0 220.028 100.009 0 40 2 0 0 0 0 0
22 22 Ch22 100.001 0 4400.55 2 0 2200.43 100.009 0 220.028 100.009 0 40 2 0 0 0 0 0
23 23 Ch23 100.001 0 4400.55 2 0 2200.43 100.009 0 220.028 100.009 0 40 2 0 0 0 0 0
24 24 Ch24 100.001 0 4400.55 2 0 2200.43 100.009 0 220.028 100.009 0 40 2 0 0 0 0 0
25 25 Ch25 100.001 0 4400.55 2 0 2200.43 100.009 0 220.028 100.009 0 40 2 0 0 0 0 0
26 26 Ch26 100.001 0 4400.55 2 0 2200.43 100.009 0 220.028 100.009 0 40 2 0 0 0 0 0
27 27 Ch27 100.001 0 4400.55 2 0 2200.43 100.009 0 220.028 100.009 0 40 2 0 0 0 0 0
28 28 Ch28 100.001 0 4400.55 2 0 2200.43 100.009 0 220.028 100.009 0 40 2 0 0 0 0 0
29 29 Ch29 100.001 0 4400.55 2 0 2200.43 100.009 0 220.028 100.009 0 40 2 0 0 0 0 0
30 30 Ch30 100.001 0 4400.55 2 0 2200.43 100.009 0 220.028 100.009 0 40 2 0 0 0 0 0
31 31 Ch31 100.001 0 4400.55 2 0 2200.43 100.009 0 220.028 100.009 0 40 2 0 0 0 0 0
32 32 Ch32 100.001 0 4400.55 2 0 2200.43 100.009 0 220.028 100.009 0 40 2 0 0 0 0 0
33 33 Ch33 100.001 0 4400.55 2 0 2200.43 100.009 0 220.028 100.009 0 40 2 0 0 0 0 0
34 34 Ch34 100.001 0 4400.55 2 0 2200.43 100.009 0 220.028 100.009 0 40 2 0 0 0 0 0
35 35 Ch35 100.001 0 4400.55 2 0 2200.43 100.009 0 220.028 100.009 0 40 2 0 0 0 0 0
36 36 Ch36 100.001 0 4400.55 2 0 2200.43 100.009 0 220.028 100.009 0 40 2 0 0 0 0 0
37 37 Ch37 100.001 0 4400.55 2 0 2200.43 100.009 0 220.028 100.009 0 40 2 0 0 0 0 0
38 38 Ch38 100.001 0 4400.55 2 0 2200.43 100.009 0 220.028 100.009 0 40 2 0 0 0 0 0
39 39 Ch39 100.001 0 4400.55 2 0 2200.43 100.009 0 220.028 100.009 0 40 2 0 0 0 0 0
40 40 Ch40 100.001 0 4400.55 2 0 2200.43 100.009 0 220.028 100.009 0 40 2 0 0 0 0 0
41 41 Ch41 100.001 0 4400.55 2 0 2200.43 100.009 0 220.028 100.009 0 40 2 0 0 0 0 0
42 42 Ch42 100.001 0 4400.55 2 0 2200.43 100.009 0 220.028 100.009 0 40 2 0 0 0 0 0
43 43 Ch43 100.001 0 4400.55 2 0 2200.43 100.009 0 220.028 100.009 0 40 2 0 0 0 0 0
44 44 Ch44 100.001 0 4400.55 2 0 2200.43 100.009 0 220.028 100.009 0 40 2 0 0 0 0 0
45 45 Ch45 100.001 0 4400.55 2 0 2200.43 100.009 0 220.028 100.009 0 40 2 0 0 0 0 0
46 46 Ch46 100.001 0 4400.55 2 0 2200.43 100.009 0 220.028 100.009 0 40 2 0 0 0 0 0
47 47 Ch47 100.001 0 4400.55 2 0 2200.43 100.009 0 220.028 100.009 0 40 2 0 0 0 0 0
48 48 Ch48 100.001 0 4400.55 2 0 2200.43 100.009 0 220.028 100.009 0 40 2 0 0 0 0 0
49 49 Ch49 100.001 0 4400.55 2 0 2200.43 100.009 0 220.028 100.009 0 40 2 0 0 0 0 0
50 50 Ch50 100.001 0 4400.55 2 0 2200.43 100.009 0 220.028 100.009 0 40 2 0 0 0 0 0
51 51 Ch51 100 0 4400 2 0 2200 100 0 220 100 0 40 2 0 0 0 0 0
52 52 Ch52 100 0 4400 2 0 2200 100 0 220 100 0 40 2 0 0 0 0 0
53 53 Ch53 100 0 4400 2 0 2200 100 0 220 100 0 40 2 0 0 0 0 0
54 54 Ch54 100 0 4400 2 0 2200 100 0 220 100 0 40 2 0 0 0 0 0
55 55 Ch55 100 0 4400 2 0 2200 100 0 220 100 0 40 2 0 0 0 0 0
56 56 Ch56 100 0 4400 2 0 2200 100 0 220 100 0 40 2 0 0 0 0 0
57 57 Ch57 100 0 4400 2 0 2200 100 0 220 100 0 40 2 0 0 0 0 0
58 58 Ch58 100 0 4400 2 0 2200 100 0 220 100 0 40 2 0 0 0 0 0
59 59 Ch59 100 0 4400 2 0 2200 100 0 220 100 0 40 2 0 0 0 0 0
60 60 Ch60 100 0 4400 2 0 2200 100 0 220 100 0 40 2 0 0 0 0 0
61 61 Ch61 100 0 4400 2 0 2200 100 0 220 100 0 40 2 0 0 0 0 0
62 62 Ch62 100 0 4400 2 0 2200 100 0 220 100 0 40 2 0 0 0 0 0
63 63 Ch63 100 0 4400 2 0 2200 100 0 220 100 0 40 2 0 0 0 0 0
64 64 Ch64 100 0 4400 2 0 2200 100 0 220 100 0 40 2 0 0 0 0 0
